VERTEX: 0 0.0 0.0 0.0 0.0 0.0 0.0 1.0
VERTEX: 1 0.00168494 0.00201378 0.00195456 -0.00330453 1.90336e-05 -0.0525879 0.998611
VERTEX: 2  0.00468163  -0.0114646 -0.00923736 -0.00692722 -0.000897202 -0.116415 0.993176
VERTEX: 3  0.00634877   -0.012021 -0.00948193 -0.0110476 -0.0008308 -0.179845 0.983633
VERTEX: 4 0.00641311 -0.0108993  -0.016717 -0.01535 -0.00138013 -0.262774 0.964734
VERTEX: 5  0.00530246 -0.00968124  -0.0165287 -0.018227 -0.00146538 -0.333538 0.942559
VERTEX: 6 0.00492483  -0.010261 -0.0251647 -0.0227261 -0.00216178 -0.40372 0.914598
VERTEX: 7  0.00429754 -0.00987317   -0.032017 -0.0261641 -0.00252882 -0.470702 0.8819
VERTEX: 8  0.0021391 -0.0123162 -0.0407363 -0.0280819 -0.00256896 -0.517926 0.85496
VERTEX: 9 0.00275662 -0.0138109 -0.0479111 -0.0304319 -0.00265641 -0.571985 0.819695
VERTEX: 10  -0.781663  -0.043832 -0.0476127 -0.0279411 -0.00637278 -0.586492 0.809448
VERTEX: 11 -0.775265 0.0449134 -0.054643 -0.0301524 -0.00632396 -0.635349 0.771611
VERTEX: 12  -0.757042   0.149551 -0.0565576 -0.0329207 -0.00619262 -0.687346 0.725557
VERTEX: 13  -1.3837  1.06234 0.047916 -0.0380662 -0.00481569 -0.754699 0.654948
VERTEX: 14  -1.26044   1.19871 0.0334846 -0.0404382 -0.00537517 -0.788151 0.614129
VERTEX: 15 -1.59303  1.95832 0.157685 0.0493218 0.00136679 0.87521 -0.481221
VERTEX: 16 -1.95777  1.59363 0.197667 -0.0464881 -0.000530551 -0.820966 0.569082
VERTEX: 17 -2.16824   1.3104 0.236857 -0.0444211 0.000510464 -0.778538 0.626024
VERTEX: 18 -2.38452 0.607129 0.295769 -0.0403293 0.00233384 -0.683631 0.72871
VERTEX: 19 -2.40781 0.384395  0.64193 -0.0678474 0.043158 -0.637728 0.766053
EDGE: 0 1 0.00168494 0.00201378 0.00195456 -0.00330453 1.90336e-05 -0.0525879 0.998611
EDGE: 1 2  0.0027559 -0.0132612 -0.0111812 -0.00368501 -0.000935267 -0.0640208 0.997941
EDGE: 2 3   0.00317928  2.34215e-05 -0.000340246 -0.00409375 9.76693e-05 -0.0641122 0.997934
EDGE: 3 4  0.00218551  0.00210824 -0.00735483 -0.00447062 -0.00069846 -0.0849687 0.996373
EDGE: 4 5 0.000563343  0.00214837  0.00011404 -0.00304066 -0.000443075 -0.0740981 0.997246
EDGE: 5 6  0.00113642 0.000269538 -0.00873921 -0.00487975 -0.000475951 -0.0754707 0.997136
EDGE: 6 7 0.000938663  0.00120244 -0.00693998 -0.00389084 -0.00054064 -0.0744614 0.997216
EDGE: 7 8 -0.00108171 -0.00188683 -0.00876932 -0.00229569 -0.000436348 -0.0543313 0.99852
EDGE: 8 9  0.00219784 -0.00108333 -0.00724896 -0.0029059 -0.000466287 -0.064486 0.997914
EDGE: 9 10   -0.784404    -0.02989 0.000261318 -0.000357319 -0.00493968 -0.0176329 0.999832
EDGE: 10 11   0.0058286 -0.00770555 -0.00658569 -0.00250714 -0.000269839 -0.061754 0.998088
EDGE: 11 12  0.00455949 -0.00194175 -0.00130348 -0.00311237 1.05863e-06 -0.0694035 0.997584
EDGE: 12 13 -0.669806  0.769245  0.103781 -0.00469436 0.00188125 -0.0974784 0.995225
EDGE: 13 14  0.00373811 -0.00367236 -0.00666947 -0.00336853 -4.61866e-05 -0.0527049 0.998604
EDGE: 14 15 -0.77127 0.425071 0.133105 -0.0072031 0.00522832 -0.158428 0.987331
EDGE: 15 16 0.00215348  0.0052762  0.0147578 0.00635488 0.000717829 0.102963 0.994665
EDGE: 16 17 -0.00538885   0.0113591   0.0219791 0.00465559 0.000898056 0.0708454 0.997476
EDGE: 17 18  0.0594128 -0.0502201  0.0319692 0.00859091 0.00211937 0.139275 0.990214
EDGE: 18 19 -0.0121711  0.0604379  0.0960407 0.00946912 0.0503251 0.0573962 0.997037
